       0.450000       0.371989       1.000000       0.300000
       0.450000       0.371989       0.906886      -0.700000
       0.450000       0.371989       0.831287       1.000000
       0.450000       0.371989       0.756736       0.300000
       0.450000       0.371989       0.684132      -0.700000
       0.450000       0.371989       0.602844      -0.700000
       0.450000       0.371989       0.532635      -0.700000
       0.450000       0.371989       0.468114      -0.700000
       0.450000       0.371989       0.379341      -0.700000
       0.450000       0.371989       0.351497      -0.700000
       0.450000       0.371989       0.305090      -0.700000
       0.450000       0.371989       0.272006      -0.700000
       0.450000       0.371989       0.261228      -0.700000
       0.468136       0.453861       0.993263       0.300000
       0.468136       0.453861       0.901796       3.400000
       0.468136       0.453861       0.824850       1.400000
       0.468136       0.453861       0.779641       1.000000
       0.468136       0.453861       0.719611       1.000000
       0.468136       0.453861       0.640269       0.300000
       0.468136       0.453861       0.579192       0.500000
       0.468136       0.453861       0.525150      -0.700000
       0.092241       0.572966       0.950150       3.800000
       0.092241       0.572966       0.900748       3.700000
       0.092241       0.572966       0.815419       2.600000
       0.092241       0.572966       0.740569       1.800000
       0.092241       0.572966       0.665719       1.100000
       0.092241       0.572966       0.589371       1.100000
       0.092241       0.572966       0.516018       1.700000
       0.092241       0.572966       0.478593       0.700000
       0.106053       1.000000       0.811377      -0.700000
       0.106053       1.000000       0.736078       0.300000
       0.106053       1.000000       0.661826       0.300000
       0.106053       1.000000       0.586677       0.800000
       0.106053       1.000000       0.512126       1.600000
       0.106053       1.000000       0.494162       0.500000
       0.106053       1.000000       0.450299      -0.700000
       0.125390       0.469626       0.936228       1.800000
       0.125390       0.469626       0.875898       2.700000
       0.583197       0.348724       0.963323      -0.700000
       0.583197       0.348724       0.785479       3.100000
       0.583197       0.348724       0.696856       0.600000
       0.583197       0.348724       0.275599       0.500000
       0.583197       0.348724       0.171707      -0.700000
       0.583197       0.348724       0.126497      -0.700000
       0.583197       0.348724       0.021856      -0.700000
       0.139563       0.724190       0.898653       2.400000
       0.139563       0.724190       0.798802       1.200000
       0.139563       0.724190       0.747904       0.600000
       0.139563       0.724190       0.663922       0.800000
       0.139563       0.724190       0.598054       1.900000
       0.139563       0.724190       0.525299       1.400000
       0.139563       0.724190       0.495210       2.300000
       0.139563       0.724190       0.454491       1.900000
       0.139563       0.724190       0.375599       1.400000
       0.139563       0.724190       0.364521       1.300000
       0.139563       0.724190       0.327545       1.300000
       0.139563       0.724190       0.299701       1.500000
       0.139563       0.724190       0.224251       0.800000
       0.161182       0.846918       0.912575       0.800000
       0.161182       0.846918       0.782036       1.200000
       0.161182       0.846918       0.746257       1.000000
       0.161182       0.846918       0.672006      -0.700000
       0.161182       0.846918       0.615120       0.300000
       0.161182       0.846918       0.522006       2.500000
       0.161182       0.846918       0.502245       2.700000
       0.161182       0.846918       0.447156       2.600000
       0.161182       0.846918       0.372156       2.700000
       0.161182       0.846918       0.348204       2.800000
       0.161182       0.846918       0.313772       2.600000
       0.169589       0.988610       0.833084      -0.700000
       0.169589       0.988610       0.810928      -0.700000
       0.169589       0.988610       0.733533      -0.700000
       0.169589       0.988610       0.656886      -0.700000
       0.169589       0.988610       0.582335      -0.700000
       0.169589       0.988610       0.500299      -0.700000
       0.169589       0.988610       0.424551      -0.700000
       0.169589       0.988610       0.355988      -0.700000
       0.220514       0.929760       0.788922      -0.700000
       0.220514       0.929760       0.728892      -0.700000
       0.220514       0.929760       0.579491      -0.700000
       0.220514       0.929760       0.504641      -0.700000
       0.220514       0.929760       0.427994       1.300000
       0.220514       0.929760       0.354491      -0.700000
       0.704024       0.341332       0.984880      -0.700000
       0.704024       0.341332       0.913922      -0.700000
       0.704024       0.341332       0.815718      -0.700000
       0.704024       0.341332       0.738174       1.300000
       0.704024       0.341332       0.669461       2.000000
       0.704024       0.341332       0.354341      -0.700000
       0.704024       0.341332       0.311228      -0.700000
       0.704024       0.341332       0.161527      -0.700000
       0.704024       0.341332       0.101198      -0.700000
       0.268917       0.538129       0.929341      -0.700000
       0.268917       0.538129       0.888623       0.700000
       0.268917       0.538129       0.815269       2.000000
       0.268917       0.538129       0.798802       2.000000
       0.268917       0.538129       0.740120       1.300000
       0.287533       0.689151       0.799850       1.300000
       0.287533       0.689151       0.785928       1.600000
       0.287533       0.689151       0.720060       0.700000
       0.287533       0.689151       0.649102       1.800000
       0.287533       0.689151       0.574551       1.000000
       0.287533       0.689151       0.548802       1.100000
       0.287533       0.689151       0.510629       1.100000
       0.287533       0.689151       0.427395       1.100000
       0.293538       0.628605       0.904341      -0.700000
       0.293538       0.628605       0.855689       0.700000
       0.293538       0.628605       0.556437       2.000000
       0.293538       0.628605       0.495060       1.700000
       0.293538       0.628605       0.205988       1.300000
       0.293538       0.628605       0.157036       2.000000
       0.329570       0.769610       0.666018      -0.700000
       0.329570       0.769610       0.586976      -0.700000
       0.329570       0.769610       0.152096      -0.700000
       0.329570       0.769610       0.069162      -0.700000
       0.796265       0.341797       0.865868      -0.700000
       0.796265       0.341797       0.792365       0.300000
       0.796265       0.341797       0.792365       0.300000
       0.796265       0.341797       0.751497      -0.700000
       0.796265       0.341797       0.679341       2.300000
       0.796265       0.341797       0.599551       2.300000
       0.796265       0.341797       0.523952       0.300000
       0.796265       0.341797       0.451048      -0.700000
       0.796265       0.341797       0.374701      -0.700000
       0.796265       0.341797       0.317665      -0.700000
       0.372328       0.516217       0.879192      -0.700000
       0.372328       0.516217       0.858982       0.800000
       0.372328       0.516217       0.849701       0.800000
       0.372328       0.516217       0.820509      -0.700000
       0.372328       0.516217       0.733533       1.200000
       0.372328       0.516217       0.694760       0.800000
       0.372328       0.516217       0.629491       0.300000
       0.372328       0.516217       0.548653      -0.700000
       0.372328       0.516217       0.416317       0.600000
       0.372328       0.516217       0.340419      -0.700000
       0.372328       0.516217       0.264371       1.100000
       0.372328       0.516217       0.227994       2.300000
       0.372328       0.516217       0.192066       2.100000
       0.372328       0.516217       0.153443       2.400000
       0.419529       0.542390       0.791916      -0.700000
       0.419529       0.542390       0.762425      -0.700000
       0.419529       0.542390       0.702096      -0.700000
       0.419529       0.542390       0.657186      -0.700000
       0.419529       0.542390       0.582335      -0.700000
       0.419529       0.542390       0.507485      -0.700000
       0.419529       0.542390       0.177994       1.000000
       0.419529       0.542390       0.103293       0.800000
       0.876495       0.480883       0.902096      -0.700000
       0.876495       0.480883       0.866018      -0.700000
       0.876495       0.480883       0.790569      -0.700000
       0.876495       0.480883       0.779341      -0.700000
       0.876495       0.480883       0.639371       2.700000
       0.876495       0.480883       0.564820       2.700000
       0.876495       0.480883       0.489671       0.900000
       0.876495       0.480883       0.415419       0.600000
       0.876495       0.480883       0.341317       0.600000
       0.876495       0.480883       0.265569       0.500000
       0.876495       0.480883       0.190419       0.500000
       0.876495       0.480883       0.127695       1.200000
       0.876495       0.480883       0.104790       1.500000
       0.927420       0.569743       0.819311      -0.700000
       0.927420       0.569743       0.782635      -0.700000
       0.927420       0.569743       0.702844       0.300000
       0.927420       0.569743       0.668712      -0.700000
       0.927420       0.569743       0.595659       1.300000
       0.927420       0.569743       0.520359       0.300000
       0.927420       0.569743       0.444611       1.100000
       0.927420       0.569743       0.294910       0.900000
       0.927420       0.569743       0.221407       2.200000
       0.927420       0.569743       0.161677       2.500000
       0.958047       0.632753       0.741018      -0.700000
       0.958047       0.632753       0.678892      -0.700000
       0.958047       0.632753       0.175299       0.800000
       0.958047       0.632753       0.100000       2.300000
       0.748379       0.111540       0.740868       1.200000
       0.748379       0.111540       0.575599       1.700000
       0.748379       0.111540       0.486677       1.300000
       0.748379       0.111540       0.420359       0.800000
       0.748379       0.111540       0.336078      -0.700000
       0.748379       0.111540       0.260180      -0.700000
       0.748379       0.111540       0.208982      -0.700000
       0.748379       0.111540       0.110329      -0.700000
       0.748379       0.111540       0.043413       1.200000
       0.763152       0.260865       0.750449       1.300000
       0.763152       0.260865       0.721856       1.200000
       0.763152       0.260865       0.647605       2.100000
       0.763152       0.260865       0.561228       2.100000
       0.763152       0.260865       0.485030       2.200000
       0.763152       0.260865       0.405239       1.800000
       0.763152       0.260865       0.342365       1.500000
       0.763152       0.260865       0.270210       0.700000
       0.763152       0.260865       0.204491       1.400000
       0.763152       0.260865       0.134431       1.500000
       0.763152       0.260865       0.052545       2.300000
       0.763152       0.260865       0.000000       1.600000
       0.818400       0.222635       0.722904      -0.700000
       0.818400       0.222635       0.648204       2.100000
       0.818400       0.222635       0.600150       2.300000
       0.818400       0.222635       0.557635       2.100000
       0.818400       0.222635       0.498503       2.300000
       0.818400       0.222635       0.461377       1.600000
       0.818400       0.222635       0.426048       1.900000
       0.818400       0.222635       0.402545       1.500000
       0.818400       0.222635       0.348802       1.500000
       0.818400       0.222635       0.274102       0.500000
       0.818400       0.222635       0.199850       0.600000
       0.818400       0.222635       0.147904       0.800000
       0.818400       0.222635       0.101647       1.700000
       0.837497       0.272720       0.747455       0.500000
       0.837497       0.272720       0.637275       1.100000
       0.837497       0.272720       0.602395       1.500000
       0.837497       0.272720       0.551946       1.600000
       0.837497       0.272720       0.487425       0.900000
       0.837497       0.272720       0.411976       0.700000
       0.837497       0.272720       0.337874      -0.700000
       0.837497       0.272720       0.187725       1.000000
       0.837497       0.272720       0.113174       2.400000
       0.837497       0.272720       0.079940       2.200000
       0.902714       0.029203       0.727695      -0.700000
       0.902714       0.029203       0.699401       0.500000
       0.902714       0.029203       0.324551       1.500000
       0.902714       0.029203       0.249701       1.200000
       0.902714       0.029203       0.176347      -0.700000
       0.902714       0.029203       0.146856      -0.700000
       0.902714       0.029203       0.107036      -0.700000
       1.000000       0.000000       0.702994      -0.700000
       1.000000       0.000000       0.628293       0.500000
       1.000000       0.000000       0.553293       0.300000
       1.000000       0.000000       0.402395       1.900000
       1.000000       0.000000       0.328144       1.400000
       1.000000       0.000000       0.177245       0.300000
       1.000000       0.000000       0.102844       0.700000
       1.000000       0.000000       0.065569       0.700000
