    4990.375000    1795.750000      17.872002
    4754.812500    2939.500000      22.099998
    4487.875000    2884.500000      27.361000
    4487.875000    2884.500000       2.561000
    4374.625000    3688.750000      30.559998
    3835.375000    2845.750000      23.307999
    3805.500000    3771.500000       2.108002
    3562.000000    3725.750000       0.000000
    3178.312500    3170.750000       1.366997
    3055.312500    3374.250000       8.228996
    2738.312500    2853.000000       6.108002
    2606.687500    3173.500000      18.026001
    2177.875000    2281.750000       7.970001
    2493.812500    3923.750000      24.866997
    1887.187500    2442.250000      17.905998
    1961.625000    3406.750000      30.627998
    1302.500000    1989.250000      28.113998
    1254.312500    2715.000000      38.216995
     878.187500    2086.250000      28.976997
     911.375000    3037.000000      45.227997
     207.500000    1924.750000      35.895996
      94.000000    3324.750000      28.071999
    4903.687500    2552.000000      16.352997
    4551.000000    2147.000000      14.988998
    4533.312500    2503.250000      23.240997
    4314.687500    2024.750000      23.021996
    4350.375000    2420.250000      24.236000
    4495.375000    3523.250000      35.187996
    4136.187500    2552.750000      29.504997
    3888.687500    2103.250000      28.135002
    3827.500000    2462.000000      31.846001
    3528.187500    1808.000000      31.108002
    3494.687500    2029.750000      34.282997
    3861.500000    3967.250000       0.375999
    3316.500000    2037.750000      35.085999
    3463.875000    3293.750000       4.714996
    3036.000000    2247.500000      24.630997
    2896.125000    2292.000000      27.695000
    3177.000000    3911.500000      14.961998
    2761.875000    3032.750000      13.275002
    2441.812500    2652.750000      11.130997
    2118.000000    2165.250000       9.010002
    1969.812500    2252.250000       8.163002
    1782.000000    2171.500000       8.538002
    2078.375000    3631.250000      31.257996
    1852.687500    3617.500000      37.299995
    1402.625000    2528.750000      34.026001
    1648.375000    3842.750000      34.567001
     978.687500    1948.750000      31.443001
    1304.375000    3657.250000      32.158997
     829.187500    2261.750000      35.350998
    1020.375000    3334.500000      36.955002
     667.687500    2551.500000      48.819000
     412.875000    2081.250000      41.669998
     348.875000    2198.000000      48.614998
     620.812500    3579.500000      27.056000
     224.875000    2488.250000      55.875000
     197.125000    2679.750000      52.128998
      44.125000    2537.500000      53.637001
       0.000000    3373.750000      29.466995
     127.875000    1282.250000      35.927002
     127.875000    1282.250000      50.217999
     859.312500     114.750000      49.646996
    1197.000000      65.750000      44.448997
    1040.500000    1235.000000      19.770996
    1502.312500     616.750000      25.448997
    1971.125000      88.250000      53.195999
    1673.875000    1635.750000      14.154999
    2216.000000     789.250000      25.139999
    2467.312500     999.250000      20.875000
    3801.625000     379.500000      35.835999
    4050.375000    1465.500000      19.514000
    4943.000000     281.250000      13.728996
      64.312500     426.250000      47.112000
     383.375000     289.750000      28.175995
     601.312500      99.750000      39.127998
     266.000000    1494.000000      48.796997
     580.625000    1045.000000      17.326996
     529.687500    1720.500000      28.671997
    1218.125000     393.750000      39.553001
    1154.125000     905.500000      16.809998
    1574.125000     236.500000      40.408997
    1656.625000     535.750000      31.105995
    1941.312500     334.000000      50.689995
    2234.500000       0.000000      55.336998
    1858.625000    1356.250000      30.997002
    2450.375000     131.750000      40.542000
    2184.000000    1392.250000      27.587997
    2236.312500    1754.750000      23.932999
    2845.187500     327.250000      45.732002
    3058.625000     234.500000      44.401001
    3047.312500     619.500000      41.513000
    2928.812500    1265.500000      27.936996
    2957.500000    1737.000000      26.308998
    3270.125000     978.000000      42.253998
    3219.312500    1631.250000      26.689995
    3386.187500    1529.750000      33.749001
    3906.000000     276.500000      26.851997
    3899.125000     665.750000      24.484001
    3905.625000    1051.750000      26.526001
    4201.125000     502.750000      33.127998
    3952.500000    1608.750000      27.388000
    4593.812500     311.000000      22.456001
    4483.312500    1054.250000      24.836998
    4495.375000    1553.250000      15.889000
