   127   138
   128   109
   129   145
   130   153
   131   178
   132   180
   133   151
   134   221
   136   152
   137   193
   138   215
   139   210
   140   255
   141   250
   142   227
   143   205
   145   230
   146   243
   147   233
   148   200
   149   183
   151   204
   152   170
   153   169
   154   161
   156   118
   157   128
   158   105
   159    99
   161    29
   162    53
   163   105
   164    30
   166    60
   167    14
   168    42
   170    33
   171    16
   172    65
   173    38
   175    37
   176    14
   177    54
   179    53
   180    51
   182    21
   183    71
   184   105
   186   102
   187   132
   188   107
   190   116
   191   128
   192   113
   194   138
   195   169
   197   156
   198   215
   199   168
   201   230
   202   251
   203   212
   205   234
   206   194
   207   235
   209   216
   210   229
   212   214
   213   214
   214   226
   215   184
   217   184
   218   175
   219   174
   221   154
   222   129
   223   179
   225   113
   226   120
   227   106
   228   110
   229    53
   231    88
   232    54
   233    53
   234    53
   235     0
   236    67
   237    45
   238     5
   239     4
   240    44
   241    35
   242    50
   243    27
   244    45
   245    38
   246    87
   247    40
   247    83
   248    93
   249   100
   250   144
   250    68
   251   151
   251   174
   252   189
   252   152
   253   183
   253   206
   254   196
   254   197
   254   243
   254   178
   254   222
   254   232
   255   223
   254   201
   254   149
   254   181
   254   177
   254   194
   253   112
   253   189
   253   155
   252   161
   252   115
   251   151
   250    87
   249   105
   249   140
   248   122
   247    67
   245    84
   244    64
   243   121
   242    90
   240    90
   239    56
   237    51
   236    16
   234    70
   232    43
   230    76
   228    78
   226    56
   224    67
   222    72
   219    56
   217    94
   214    86
   212   110
   209   143
   206   151
   203   139
   200   129
   197   166
   194   175
   191   190
   188   142
   184   174
   181   150
   177   202
   174   137
   170   172
   166   178
   163   211
   159   176
   155   239
   151   194
   147   169
   143   179
   139   212
   134   181
   130   210
   126   147
   121   138
   117   152
   113   145
   108   111
   104   156
   100   135
    95   128
    91   109
    86    64
    82    93
    78    95
    73    55
    69    51
    65    37
    61    35
    56    69
    52    37
    48    24
    45    48
    41    28
    37    78
    34   131
    30    38
    27    94
    24    59
    21   118
    18    72
    15   135
    13    96
    10   139
     8   129
     6   149
     5   178
     3   164
     2   203
     1   193
     0   184
     0   200
     0   193
     0   192
     0   194
     1   176
     1   224
     3   206
     4   176
     6   182
     8   164
    11   149
    13   152
    16   155
    20   166
    24   149
    28   152
    32    91
    36   111
    41   136
    46   122
    52   118
    58    81
    64    89
    70   107
    76   100
    83    89
    90    47
    97    76
   104    64
   111    98
   119    97
   126    94
   134    65
   141    72
   149    90
   156    96
   164    72
   172   103
   179    84
   186    73
   193   126
   200   155
   207   140
   213    89
   219   158
   224   144
   230   102
   235   215
   239   190
   243   184
   246   180
   249   155
   251   201
   253   159
   254   195
   254   167
   254   189
   253   174
   252   159
   249   141
   246   181
   243   176
   238   157
   233   197
   228   152
   221   122
   214   130
   207   136
   198   111
   190    99
   180   122
   171   157
   161   108
   151   127
   140    92
   129   102
   118    75
   108    88
    97    95
    86    62
    76   117
    66    64
    56    68
    47   102
    38    85
    30    93
    23   133
    16   105
    11    87
     7   103
     3   201
     1    94
     0   113
     0   152
     1   151
     3   152
     7   162
    12   118
    18   132
    26   125
    34   131
    44   178
    55   147
    66   182
    78   169
    91   142
   105   162
   119   165
   133   159
   147   114
   161   149
   174   187
   188   193
   200   133
   212   172
   222   137
   231   159
   239   142
   246   132
   250   148
   253   147
   254   120
   254   111
   251   128
   246   123
   239    47
   231    93
   220    98
   208    97
   195    65
   180    73
   164    86
   148    71
   131   119
   113    67
    96    41
    79   109
    63   115
    48    71
    35    96
    23    86
    14    75
     6    98
     2   103
     0    91
     0   144
     4   103
    10   148
    19   141
    31   135
    45   162
    61   138
    79   187
    99   150
   119   131
   140   193
   160   177
   180   140
   198   113
   215   145
   229   126
   240   148
   249   177
   253   173
   254   148
   251   137
   245   126
   234   147
   220   157
   203   170
   183   151
   161   144
   138   136
   114   142
    90   121
    68    51
    48   133
    30    93
    16    94
     6    78
     0    94
     0    82
     5    85
    14    97
    29    40
    48    70
    70    99
    95   117
   122   131
   149   144
   175   126
   199    96
   220   116
   237    84
   248   154
   254   129
   253   144
   246   165
   232   129
   213   138
   189   161
   162   138
   132   170
   102   150
    72   108
    46   140
    25   194
     9   138
     1   152
     0   170
     8   191
    23   187
    45   168
    72   122
   104   148
   137   148
   170   149
   201   155
   226   142
   244   137
   253   118
   253   107
   244    99
   225   137
   198    86
   165    87
   129   137
    93   117
    59   108
    30    63
    10    76
     0    73
     2   124
    15    68
    38    86
    70   119
   108    82
   148   134
   186   107
   219   108
   242   104
   254   120
   252   161
   236   153
   209   127
   172   118
   130   108
    87   105
    49   105
    19   131
     2   128
     1   121
    15   161
    43   135
    83   146
   128   163
   174   163
   214   138
   242   146
   254   170
   249   171
   225   163
   188   147
   140   159
    91   165
    47   149
    15   152
     0   133
     6   134
    32   114
    73   147
   125   161
   177   103
   220   133
   248   117
   254   126
   237   133
   199   123
   147   105
    91   118
    42    95
     9   109
     0    80
    17   131
    56    62
   112   131
   170    89
   220    83
   250    89
   252   107
   225    78
   176   155
   114   111
    55   139
    13   129
     0   138
    18    99
    64   126
   127   173
